# Made in Blockbench 4.12.6
mtllib scotch_yoke.mtl

o cube_0
v 1.1875 1.3125 -0.5
v 1.1875 0.9776519966805465 -1.3083945909473758
v 1.1875 1.2547575292180446 -0.4760822854771819
v 1.1875 0.919909525898591 -1.2844768764245578
v 0.8125 0.9776519966805465 -1.3083945909473758
v 0.8125 1.3125 -0.5
v 0.8125 0.919909525898591 -1.2844768764245578
v 0.8125 1.2547575292180446 -0.4760822854771819
vt 0.21875 0.65625
vt 0.25 0.65625
vt 0.25 0.59375
vt 0.21875 0.59375
vt 0.375 0.875
vt 0.375 0
vt 0.3125 0
vt 0.3125 0.875
vt 0.21875 0.65625
vt 0.25 0.65625
vt 0.25 0.59375
vt 0.21875 0.59375
vt 0.625 0
vt 0.625 0.875
vt 0.6875 0.875
vt 0.6875 0
vt 0.6875 0
vt 0.3125 0
vt 0.3125 0.875
vt 0.6875 0.875
vt 0.6875 0.875
vt 0.3125 0.875
vt 0.3125 0
vt 0.6875 0
vn 0 -0.3826834323650897 -0.9238795325112867
vn 1 0 0
vn 0 0.3826834323650897 0.9238795325112867
vn -1 0 0
vn 0 0.9238795325112867 -0.3826834323650897
vn 0 -0.9238795325112867 0.3826834323650897
usemtl m_broad_piston
f 4/4/1 7/3/1 5/2/1 2/1/1
usemtl m_belt
f 3/8/2 4/7/2 2/6/2 1/5/2
usemtl m_broad_piston
f 8/12/3 3/11/3 1/10/3 6/9/3
usemtl m_belt
f 7/16/4 8/15/4 6/14/4 5/13/4
f 6/20/5 1/19/5 2/18/5 5/17/5
f 7/24/6 4/23/6 3/22/6 8/21/6
o cuboid_0
v 1.1875 0.65625 0.875
v 1.1875 0.65625 -0.875
v 1.1875 0.59375 0.875
v 1.1875 0.59375 -0.875
v 0.8125 0.65625 0.875
v 0.8125 0.65625 -0.875
v 0.8125 0.59375 0.875
v 0.8125 0.59375 -0.875
v 1.1875 0.65625 0.125
v 1.1875 0.59375 0.125
v 0.8125 0.59375 0.125
v 0.8125 0.65625 0.125
vt 0.6875 0.25
vt 0.6875 1
vt 0.625 1
vt 0.625 0.25
vt 0.375 0.25
vt 0.375 1
vt 0.3125 1
vt 0.3125 0.25
vt 0.6875 0.25
vt 0.6875 1
vt 0.3125 1
vt 0.3125 0.25
vt 0.6875 0.25
vt 0.6875 1
vt 0.3125 1
vt 0.3125 0.25
vt 0.625 1
vt 0.625 0
vt 0.6875 0
vt 0.6875 1
vt 0.3125 1
vt 0.3125 0
vt 0.6875 0
vt 0.6875 1
vt 0.3125 1
vt 0.3125 0
vt 0.375 0
vt 0.375 1
vt 0.3125 1
vt 0.3125 0
vt 0.6875 0
vt 0.6875 1
vn 1 0 0
vn -1 0 0
vn 0 1 0
vn 0 -1 0
vn 1 0 0
vn 0 -1 0
vn -1 0 0
vn 0 1 0
usemtl m_belt
f 11/25/7 18/26/7 17/27/7 9/28/7
f 13/29/8 20/30/8 19/31/8 15/32/8
f 9/33/9 17/34/9 20/35/9 13/36/9
f 15/37/10 19/38/10 18/39/10 11/40/10
f 10/41/11 17/42/11 18/43/11 12/44/11
f 12/45/12 18/46/12 19/47/12 16/48/12
f 16/49/13 19/50/13 20/51/13 14/52/13
f 14/53/14 20/54/14 17/55/14 10/56/14
o cuboid_1
v -0.8125 0.65625 0.875
v -0.8125 0.65625 -0.875
v -0.8125 0.59375 0.875
v -0.8125 0.59375 -0.875
v -1.1875 0.65625 0.875
v -1.1875 0.65625 -0.875
v -1.1875 0.59375 0.875
v -1.1875 0.59375 -0.875
v -0.8125 0.65625 0.125
v -0.8125 0.59375 0.125
v -1.1875 0.59375 0.125
v -1.1875 0.65625 0.125
vt 0.6875 0.25
vt 0.6875 1
vt 0.625 1
vt 0.625 0.25
vt 0.375 0.25
vt 0.375 1
vt 0.3125 1
vt 0.3125 0.25
vt 0.6875 0.25
vt 0.6875 1
vt 0.3125 1
vt 0.3125 0.25
vt 0.6875 0.25
vt 0.6875 1
vt 0.3125 1
vt 0.3125 0.25
vt 0.625 1
vt 0.625 0
vt 0.6875 0
vt 0.6875 1
vt 0.3125 1
vt 0.3125 0
vt 0.6875 0
vt 0.6875 1
vt 0.3125 1
vt 0.3125 0
vt 0.375 0
vt 0.375 1
vt 0.3125 1
vt 0.3125 0
vt 0.6875 0
vt 0.6875 1
vn 1 0 0
vn -1 0 0
vn 0 1 0
vn 0 -1 0
vn 1 0 0
vn 0 -1 0
vn -1 0 0
vn 0 1 0
usemtl m_belt
f 23/57/15 30/58/15 29/59/15 21/60/15
f 25/61/16 32/62/16 31/63/16 27/64/16
f 21/65/17 29/66/17 32/67/17 25/68/17
f 27/69/18 31/70/18 30/71/18 23/72/18
f 22/73/19 29/74/19 30/75/19 24/76/19
f 24/77/20 30/78/20 31/79/20 28/80/20
f 28/81/21 31/82/21 32/83/21 26/84/21
f 26/85/22 32/86/22 29/87/22 22/88/22
o cube_1
v -0.8125 1.3125 -0.5
v -0.8125 0.9776519966805465 -1.3083945909473758
v -0.8125 1.2547575292180446 -0.4760822854771819
v -0.8125 0.919909525898591 -1.2844768764245578
v -1.1875 0.9776519966805465 -1.3083945909473758
v -1.1875 1.3125 -0.5
v -1.1875 0.919909525898591 -1.2844768764245578
v -1.1875 1.2547575292180446 -0.4760822854771819
vt 0.21875 0.65625
vt 0.25 0.65625
vt 0.25 0.59375
vt 0.21875 0.59375
vt 0.375 0.875
vt 0.375 0
vt 0.3125 0
vt 0.3125 0.875
vt 0.21875 0.65625
vt 0.25 0.65625
vt 0.25 0.59375
vt 0.21875 0.59375
vt 0.625 0
vt 0.625 0.875
vt 0.6875 0.875
vt 0.6875 0
vt 0.6875 0
vt 0.3125 0
vt 0.3125 0.875
vt 0.6875 0.875
vt 0.6875 0.875
vt 0.3125 0.875
vt 0.3125 0
vt 0.6875 0
vn 0 -0.3826834323650897 -0.9238795325112867
vn 1 0 0
vn 0 0.3826834323650897 0.9238795325112867
vn -1 0 0
vn 0 0.9238795325112867 -0.3826834323650897
vn 0 -0.9238795325112867 0.3826834323650897
usemtl m_broad_piston
f 36/92/23 39/91/23 37/90/23 34/89/23
usemtl m_belt
f 35/96/24 36/95/24 34/94/24 33/93/24
usemtl m_broad_piston
f 40/100/25 35/99/25 33/98/25 38/97/25
usemtl m_belt
f 39/104/26 40/103/26 38/102/26 37/101/26
f 38/108/27 33/107/27 34/106/27 37/105/27
f 39/112/28 36/111/28 35/110/28 40/109/28
o cube_2
v -0.8125 0.9776519966805465 1.3083945909473758
v -0.8125 1.3125 0.5
v -0.8125 0.919909525898591 1.2844768764245578
v -0.8125 1.2547575292180446 0.4760822854771819
v -1.1875 1.3125 0.5
v -1.1875 0.9776519966805465 1.3083945909473758
v -1.1875 1.2547575292180446 0.4760822854771819
v -1.1875 0.919909525898591 1.2844768764245578
vt 0.25 0.65625
vt 0.21875 0.65625
vt 0.21875 0.59375
vt 0.25 0.59375
vt 0.375 0.875
vt 0.375 0
vt 0.3125 0
vt 0.3125 0.875
vt 0.25 0.65625
vt 0.21875 0.65625
vt 0.21875 0.59375
vt 0.25 0.59375
vt 0.625 0
vt 0.625 0.875
vt 0.6875 0.875
vt 0.6875 0
vt 0.6875 0
vt 0.3125 0
vt 0.3125 0.875
vt 0.6875 0.875
vt 0.6875 0.875
vt 0.3125 0.875
vt 0.3125 0
vt 0.6875 0
vn 0 0.3826834323650897 -0.9238795325112867
vn 1 0 0
vn 0 -0.3826834323650897 0.9238795325112867
vn -1 0 0
vn 0 0.9238795325112867 0.3826834323650897
vn 0 -0.9238795325112867 -0.3826834323650897
usemtl m_broad_piston
f 44/116/29 47/115/29 45/114/29 42/113/29
usemtl m_belt
f 43/120/30 44/119/30 42/118/30 41/117/30
usemtl m_broad_piston
f 48/124/31 43/123/31 41/122/31 46/121/31
usemtl m_belt
f 47/128/32 48/127/32 46/126/32 45/125/32
f 46/132/33 41/131/33 42/130/33 45/129/33
f 47/136/34 44/135/34 43/134/34 48/133/34
o cube_3
v 1.1875 0.9776519966805465 1.3083945909473758
v 1.1875 1.3125 0.5
v 1.1875 0.919909525898591 1.2844768764245578
v 1.1875 1.2547575292180446 0.4760822854771819
v 0.8125 1.3125 0.5
v 0.8125 0.9776519966805465 1.3083945909473758
v 0.8125 1.2547575292180446 0.4760822854771819
v 0.8125 0.919909525898591 1.2844768764245578
vt 0.25 0.65625
vt 0.21875 0.65625
vt 0.21875 0.59375
vt 0.25 0.59375
vt 0.375 0.875
vt 0.375 0
vt 0.3125 0
vt 0.3125 0.875
vt 0.25 0.65625
vt 0.21875 0.65625
vt 0.21875 0.59375
vt 0.25 0.59375
vt 0.625 0
vt 0.625 0.875
vt 0.6875 0.875
vt 0.6875 0
vt 0.6875 0
vt 0.3125 0
vt 0.3125 0.875
vt 0.6875 0.875
vt 0.6875 0.875
vt 0.3125 0.875
vt 0.3125 0
vt 0.6875 0
vn 0 0.3826834323650897 -0.9238795325112867
vn 1 0 0
vn 0 -0.3826834323650897 0.9238795325112867
vn -1 0 0
vn 0 0.9238795325112867 0.3826834323650897
vn 0 -0.9238795325112867 -0.3826834323650897
usemtl m_broad_piston
f 52/140/35 55/139/35 53/138/35 50/137/35
usemtl m_belt
f 51/144/36 52/143/36 50/142/36 49/141/36
usemtl m_broad_piston
f 56/148/37 51/147/37 49/146/37 54/145/37
usemtl m_belt
f 55/152/38 56/151/38 54/150/38 53/149/38
f 54/156/39 49/155/39 50/154/39 53/153/39
f 55/160/40 52/159/40 51/158/40 56/157/40